[Project1] 2314 1588175300.989275160 1588175301.950799944
[Project1] 2315 1588175302.912317028 1588175303.873841694
[Project1] 2316 1588175304.835368151 1588175305.796893489
[Project1] 2317 1588175306.758410127 1588175307.719935201
[Project1] 2318 1588175308.681456456 1588175309.642981523
[Project1] 2319 1588175310.604504304 1588175311.566029904
[Project1] 2320 1588175312.527551392 1588175313.489076330
[Project1] 2321 1588175314.450597751 1588175315.412130146
[Project1] 2322 1588175316.373646618 1588175317.335171390
[Project1] 2323 1588175317.785409990 1588175318.750200218
